21 22 255.109806355538
21 9 91.340209347034
21 11 97.0593365948891
9 10 73.9614324496218
9 19 202.646433025627
9 22 174.61572508981
11 10 78.8984913571864
10 19 230.756850022291
19 15 110.961587257753
19 14 126.804544926276
19 20 119.493211076153
19 18 188.98541754699
19 23 272.860867093854
19 22 80.7905047916521
23 22 292.314381225488
18 37 329.695168705715
15 25 54.4725580876281
25 8 164.843967268111
8 7 84.6481472317027
7 33 162.163249271868
33 36 96.1490987581267
36 41 90.2969621606397
41 5 116.827736323358
5 6 245.095734709949
6 35 205.699813726824
35 39 195.581322152935
35 32 94.0497077985891
32 36 240.720944092034
32 42 137.72769051026
32 34 61.9614321510567
32 2 259.66102533921
2 39 175.9948519538
2 26 124.971386985181
2 43 74.2913684795211
2 34 266.852288511528
43 44 112.98552433127
24 16 258.644644450277
24 44 189.427829794157
16 17 88.3245747434426
16 4 96.299832114132
16 3 156.062088398568
4 44 231.270623517083
4 38 247.648152024197
4 3 79.3315476249048
3 38 214.8307450333
3 40 150.291129607045
3 37 116.068391027887
38 26 154.279114503552
38 28 106.257260336647
38 29 207.930436057086
38 13 196.44708540014
38 40 133.224909715053
13 20 208.118641455205
20 14 41.004927444028
14 25 116.056190127067
14 31 99.6925115103938
14 36 445.456346421835
31 12 65.0805916611091
31 1 102.8311467129
1 30 64.6961718341976
1 29 57.4820980835772
27 42 139.238311725653
27 34 122.810920305362
27 26 206.7225266329
27 28 209.632628363621
27 30 87.6090194996497
22 21 255.109806355538
9 21 91.340209347034
11 21 97.0593365948891
10 9 73.9614324496218
19 9 202.646433025627
22 9 174.61572508981
10 11 78.8984913571864
19 10 230.756850022291
15 19 110.961587257753
14 19 126.804544926276
20 19 119.493211076153
18 19 188.98541754699
23 19 272.860867093854
22 19 80.7905047916521
22 23 292.314381225488
37 18 329.695168705715
25 15 54.4725580876281
8 25 164.843967268111
7 8 84.6481472317027
33 7 162.163249271868
36 33 96.1490987581267
41 36 90.2969621606397
5 41 116.827736323358
6 5 245.095734709949
35 6 205.699813726824
39 35 195.581322152935
32 35 94.0497077985891
36 32 240.720944092034
42 32 137.72769051026
34 32 61.9614321510567
2 32 259.66102533921
39 2 175.9948519538
26 2 124.971386985181
43 2 74.2913684795211
34 2 266.852288511528
44 43 112.98552433127
16 24 258.644644450277
44 24 189.427829794157
17 16 88.3245747434426
4 16 96.299832114132
3 16 156.062088398568
44 4 231.270623517083
38 4 247.648152024197
3 4 79.3315476249048
38 3 214.8307450333
40 3 150.291129607045
37 3 116.068391027887
26 38 154.279114503552
28 38 106.257260336647
29 38 207.930436057086
13 38 196.44708540014
40 38 133.224909715053
20 13 208.118641455205
14 20 41.004927444028
25 14 116.056190127067
31 14 99.6925115103938
36 14 445.456346421835
12 31 65.0805916611091
1 31 102.8311467129
30 1 64.6961718341976
29 1 57.4820980835772
42 27 139.238311725653
34 27 122.810920305362
26 27 206.7225266329
28 27 209.632628363621
30 27 87.6090194996497